52.0 55.0
52.0 52.0
50.0 52.0
49.0 52.0
49.0 51.0
48.0 51.0
49.0 50.0
47.0 50.0
48.0 48.0
48.0 48.0
47.0 50.0
46.0 50.0
46.0 50.0
46.0 49.0
45.0 49.0
48.0 49.0
46.0 49.0
45.0 49.0
45.0 48.0
46.0 48.0
48.0 50.0
47.0 48.0
47.0 47.0
47.0 47.0
48.0 48.0
46.0 49.0
46.0 47.0
45.0 48.0
45.0 48.0
48.0 48.0
48.0 49.0
45.0 49.0
45.0 48.0
45.0 48.0
45.0 48.0
45.0 48.0
46.0 48.0
47.0 48.0
47.0 47.0
48.0 49.0
45.0 48.0
45.0 48.0
48.0 49.0
45.0 48.0
45.0 48.0
45.0 47.0
45.0 48.0
47.0 47.0
47.0 47.0
47.0 47.0
45.0 48.0
45.0 48.0
45.0 48.0
45.0 48.0
46.0 47.0
46.0 47.0
46.0 48.0
46.0 46.0
45.0 47.0
46.0 48.0
